# unix_time, cycles_done, cur_path, paths_total, pending_total, pending_favs, map_size, unique_crashes, unique_hangs, max_depth, execs_per_sec
1569464483, 0, 0, 9, 9, 5, 0.23%, 0, 0, 1, 14.64
1569464488, 0, 0, 13, 13, 5, 0.23%, 0, 0, 2, 14.59
1569464494, 0, 0, 18, 18, 5, 0.23%, 0, 0, 2, 14.39
1569464509, 0, 0, 19, 19, 5, 0.23%, 0, 0, 2, 14.36
1569464519, 0, 0, 20, 20, 5, 0.23%, 0, 0, 2, 14.08
1569464524, 0, 0, 21, 21, 5, 0.23%, 0, 0, 2, 14.21
1569464529, 0, 0, 22, 22, 5, 0.23%, 0, 0, 2, 14.32
1569464631, 0, 0, 23, 23, 5, 0.23%, 0, 0, 2, 14.16
1569464636, 0, 0, 24, 24, 5, 0.23%, 0, 0, 2, 14.29
1569464744, 0, 0, 29, 29, 5, 0.24%, 0, 0, 2, 14.41
1569464749, 0, 0, 34, 34, 5, 0.25%, 0, 0, 2, 14.41
1569464754, 0, 0, 37, 37, 5, 0.25%, 0, 0, 2, 14.37
1569464759, 0, 0, 40, 40, 5, 0.25%, 0, 0, 2, 14.40
1569464764, 0, 0, 42, 42, 5, 0.25%, 1, 0, 2, 14.59
1569464769, 0, 0, 45, 45, 5, 0.25%, 1, 0, 2, 14.15
1569464785, 0, 0, 46, 46, 5, 0.25%, 1, 0, 2, 14.41
1569464800, 0, 0, 47, 47, 5, 0.25%, 1, 0, 2, 14.24
1569464805, 0, 0, 48, 48, 5, 0.25%, 2, 0, 2, 13.98
1569464815, 0, 0, 49, 49, 5, 0.25%, 2, 0, 2, 13.22
1569464851, 0, 0, 50, 50, 5, 0.25%, 2, 0, 2, 13.63
1569464856, 0, 0, 51, 51, 5, 0.26%, 2, 0, 2, 14.44
1569464866, 0, 0, 52, 52, 5, 0.26%, 2, 0, 2, 14.64
1569464887, 0, 0, 52, 52, 5, 0.26%, 3, 0, 2, 14.03
1569464897, 0, 0, 54, 54, 5, 0.26%, 3, 0, 2, 14.34
1569464994, 0, 1, 54, 53, 13, 0.26%, 3, 0, 2, 13.80
1569465045, 0, 1, 55, 54, 13, 0.26%, 3, 0, 2, 14.07
1569465808, 0, 1, 57, 56, 13, 0.26%, 3, 0, 2, 15.12
1569465819, 0, 1, 59, 58, 13, 0.26%, 3, 0, 2, 15.20
1569465824, 0, 1, 60, 59, 13, 0.26%, 3, 0, 2, 15.21
1569465839, 0, 1, 60, 59, 13, 0.26%, 4, 0, 2, 15.07
1569465860, 0, 1, 61, 60, 13, 0.26%, 4, 0, 2, 15.05
1569465865, 0, 1, 61, 60, 13, 0.26%, 5, 0, 2, 14.98
1569465870, 0, 1, 63, 62, 13, 0.26%, 5, 0, 2, 14.72
1569465880, 0, 1, 64, 63, 13, 0.26%, 5, 0, 2, 15.05
1569465890, 0, 1, 65, 64, 13, 0.26%, 6, 0, 2, 15.10
1569465972, 0, 1, 65, 64, 13, 0.26%, 7, 0, 2, 15.03
1569465977, 0, 1, 66, 65, 13, 0.26%, 7, 0, 2, 14.88
1569465982, 0, 1, 67, 66, 13, 0.26%, 7, 0, 2, 15.00
1569466003, 0, 1, 68, 67, 13, 0.26%, 7, 0, 2, 15.04
1569466008, 0, 1, 70, 69, 13, 0.26%, 7, 0, 2, 15.03
1569466028, 0, 4, 70, 68, 13, 0.26%, 7, 0, 2, 15.12
